Data/OS Terrain 50/NY42.asc
ncols 200
nrows 200
xllcorner 340000
yllcorner 520000
cellsize 50
[rows 140 to 174 of 200, columns 0 to 77 of 200]
280.2 282.6 285.2 287.6 288.7 291.9 293.9 293.5 289.2 283.9 277.2 269.4 264.8 262.4 262.7 263.5 264.8 267.8 277.1 287.9 301.3 312.7 321.4 328.3 332.2 337.4 340 342.5 345 345.5 348.4 352.5 357.6 366.7 371.4 370.5 370 371.2 371.2 370.9 371.1 372.8 376 381.5 388.1 398.2 400.5 398.7 391 386 382.5 377.5 375 369.5 363.3 345 319.9 298.1 271.7 248.6 241.5 245.7 249 251.3 251.5 249.7 247.2 244.4 242.9 239.7 238.1 236.4 233.6 231.5 227.1 223.2 218.1 212.3
282.3 284.9 286.7 288.8 291.2 293.2 294 291.6 286.8 282.2 275.5 271.6 266.7 264.1 264.2 265.6 266.5 270.3 278 287.8 303.9 316.8 326.5 332.8 337.1 341 344.1 346.6 348.8 350.5 354.1 356.4 361.1 369.4 375.1 373.3 371.4 372.1 372.9 373.1 375.1 377.8 380.1 383.3 386.7 394 398.7 399.2 391.8 381.5 374.9 372 369.4 366.9 357.9 343.6 314.3 289.2 262.8 242.8 237.9 242.7 245.7 248 248.8 247 244.1 244.8 243.6 242.4 241 238.6 236.4 232.2 229.3 223.5 217.8 211.2
284.6 286.2 288.6 291.2 292 292.9 294 290.1 286 281.5 276.8 274.5 270.3 268.7 271 272.1 270.5 272.4 280.6 290.8 303.4 316.2 330.3 337.9 343.1 344.8 348.8 350.5 352.9 354.4 358.9 360.6 363.8 369.5 377.7 376.1 373.7 373 374.4 376.6 379.7 382.5 385.4 388.2 386.7 385.8 389.9 390.8 391.1 386.3 376 372.5 366.3 358.7 351.9 329.1 300 269.6 247.6 238.8 234.9 239.2 241.6 243.8 244.9 243.5 243.7 245.2 244 244.4 242.8 240 237.3 233 228.4 222.5 217.6 211.5
283.5 286.2 288.2 289.9 292.8 294.2 293.3 290.7 286.4 283.1 279.8 276.8 275.3 275.2 278.3 279.5 275.3 273.9 285.8 292.4 302.3 315.8 329.7 340.4 348.5 350.1 353.5 355.1 357.6 360.9 365.6 367.1 368.7 371.5 377.9 378.2 376.9 375 377.9 381 383.8 386.4 389.5 394.2 391.8 386.2 385.4 380.7 378.9 377.5 369.8 362.5 358.9 347.2 328.7 308.4 284.3 256.5 242.2 234.8 232.8 235 237.4 238.9 239.3 240.6 244.3 245.7 245 244.9 243.3 241.4 237.7 231.7 226.8 221.3 216.7 211.5
282 284.7 286.7 290 292.1 295.3 293.3 289.2 287.3 284.6 282.8 280.3 281.5 283 286.2 285.9 279.4 277.4 283.8 293.2 305.8 321.2 333.1 343.4 351.3 355.9 358.6 361.7 364.3 366.6 372.5 374.1 375.8 378.6 381.3 381.9 381.1 378.6 381.7 385.4 388 390.4 392.8 401.8 396.6 388.4 389.4 382 372 367.1 356 352.2 347.8 340 322 296.8 271.6 249.1 239.1 232 230.2 231.3 233.1 233.1 234.6 238.4 242.4 245.3 246.2 245.8 242.7 240.2 236.2 230.1 225.2 219.7 214.7 208.9
283.2 284.4 284.8 286.5 289 292.3 292.1 289.5 288.6 287.4 285.5 284.5 287.8 291.9 295 292.9 288.8 285.3 286.8 295.9 311.6 329 341.6 351.3 354.9 361.2 364.2 368.7 371.1 374.8 377.7 380.9 383.1 383.6 384.9 385.7 385.2 382.2 385.7 390 390.7 389.7 393.8 392.9 393 374.1 376.7 377 364.8 356.5 354.3 351.9 339.9 329.8 314.5 291.3 264 245.7 237.3 231.1 228 228 229.1 228.7 232.3 236.2 239.6 241.4 242.7 242.1 239.7 237.3 233.8 227.7 223.4 218 212.8 205.4
284.3 286 285.6 287 288.2 288.7 289.2 289.7 289.7 289.6 290.3 291.8 295.8 301.5 304 301.4 296.9 294.5 296 301.3 315.1 335.4 348.3 358.4 362.9 365.6 369.6 375.4 379.4 383.5 385.9 388.3 389.1 389.5 389.3 389.2 389.2 387.2 387.1 389.5 388.1 378.9 372.1 369.8 367.1 355.4 356.4 358 359.3 353.7 342.5 343.1 336.5 315.6 305.2 284.2 254.5 243.1 235.3 230.4 227.2 225.7 226.3 225.8 229.5 232.9 235.8 238.4 240.2 239.6 237 234.7 231.7 227.7 220 213.7 207.6 201.3
282.7 284.2 284.5 287 289.4 290.3 291.2 292.1 294.2 295.8 296.9 301.3 306.8 311 314.4 310 305.1 304 306.5 311.2 322.7 342.6 358.8 367 369.9 372 376.1 381.6 386.9 392.1 394.6 395.3 395 394 393.9 393 391.4 388.3 381.2 377.5 367.2 354.9 343 336.2 337.8 332.4 333.1 344.2 349 348.5 333.3 324.2 316.8 307.5 293.8 273.3 251.2 238.9 233.8 229.6 227.1 225.4 222.1 222.9 226.6 230.2 232.9 236.1 237.4 236.9 233.7 231.5 229.8 223.6 217.8 209.9 202.6 195.7
281.3 281.7 283.2 285.2 288.2 291.8 293.7 296.7 299.8 302.7 307.4 315 322.3 326.2 326.2 320.2 314.6 314.6 315.5 319.8 326.8 349 364.9 373.8 377.9 379.9 385.6 391.7 396.1 401.6 403.2 403 402.7 398.8 398.1 395.8 391.5 380.9 363.6 355.2 339.2 327.2 320.3 319 318.4 317.9 317.8 322.4 332.5 334.6 320.7 308.7 311.4 301.8 284.3 268.1 245.9 238.5 234.3 230.9 228.7 225.1 221.6 219.2 224.5 227.4 229.7 233.4 234.6 232.4 229.8 228.3 226.4 220.6 213.9 204.3 196.2 190.2
281.1 281.6 282.8 285.3 289 293.6 296.7 298.7 304.7 311.7 325.9 332.1 339.6 342.8 338.9 331 326.6 327.6 328.6 329.4 333.3 354.6 371 380.1 383.9 388.1 395.2 401.1 406.2 410.4 411.3 411.7 410 404.7 401.7 396.3 386.8 371.6 353.5 334.3 324.6 318.7 312.6 311.1 310.5 310.8 310.3 312.3 313.9 314.4 309.1 301.5 294.3 284.9 273.1 259.5 248.6 240.7 237.2 234.3 229.3 224 219.1 218 221.7 224.7 227.2 230.1 230.9 227.5 225.5 224.7 222.9 217.8 208.9 201.2 192.8 187.6
281.7 284.4 286.2 290.3 293.5 298.1 302.7 309.5 319.6 334 345.1 351.4 354.9 354.8 350.6 347 342.8 340.6 342.4 340.5 338.3 356.4 373.4 384.7 389.4 395.3 399.4 409.4 416.3 418.7 419.1 419.3 416.9 408.9 402.3 393.6 378.7 361.2 343.7 328.6 317.8 312.3 305.5 304.5 304.7 304.7 304.7 306.7 308.4 309.4 308.3 307 302.4 296.9 278.8 258.1 249.2 244.8 241.5 236.2 229.6 222.9 217 216.6 218.3 221.3 224.4 227 227.2 224.6 222 220 217.6 211.8 203.5 197.5 190.3 185.2
282.6 286.2 295.8 306.6 303 312.1 315.5 324.3 344.1 357.7 362.5 366.8 372.3 369 362.5 361.8 358.8 355.4 353.9 354.1 352.6 364.1 378.4 388.4 394.9 402.6 409.8 419.9 425.8 426.9 426.7 426.9 422.5 410.7 399.7 385.9 369 351.6 334.4 322.6 313.7 308.5 303.4 300 300.7 300.4 300.3 302.1 304.2 315.4 314.4 311.8 303.2 287.6 276.3 268 259.3 252.8 244.8 236.4 228.7 222.1 215.7 215.5 215.4 216.6 220 223.7 223.6 221.2 219.1 216.4 213.3 208 198.4 194.4 189.4 182.9
289.8 306.9 312.3 321.5 324.9 329.4 335.5 337 354 379.3 382 382.9 388.7 383.6 374.7 375.9 374.5 373 367.7 367.3 362.9 373.9 383.5 394.4 404.2 410.2 417.2 428 432.8 432.7 430 432.9 420.5 407 393.7 377.2 359.2 342 327.4 316.8 309.3 305.5 301.5 297.7 297.1 296.7 296 297.4 299.3 305.9 321.6 315.7 300.6 301.8 298 289.3 279 269.7 250.7 236.2 228.1 222.4 216.4 214.7 214.7 214.4 217.9 221 219.9 216.9 214.4 212.3 208.8 204.2 195.4 190.1 185.5 180.3
316.1 342.8 342.2 341 364.4 379 369.7 362.4 370.8 380.8 395 395.6 402.6 397.8 387.1 390.8 389.5 388.4 383 377.7 372.1 383.3 390.2 397.2 413.1 417.5 421.5 431.2 436.9 437.4 433.4 427.6 418.3 403 389.8 371.8 349.8 333.5 321.6 312.9 308 303.7 298.5 293.9 292.6 291.8 291 292.4 294.4 297.9 311.6 312.4 311.6 316.7 318.4 305.1 295.7 278 261.1 237.7 227.3 223.2 219.3 216.1 214.4 214 215 217.6 214.8 211.6 209.6 207.5 202.7 197.9 192.1 187.8 183.4 177
347.3 366 369.8 363 390.6 398.1 391.3 386.4 388.8 392.8 394.6 398.9 408.2 407.3 399.3 400.1 401.1 403.2 398.2 388.5 378.3 393.1 394.4 397.7 415.7 423.4 426.5 430.6 434.3 434.4 432.8 425.7 415.4 400.5 383.5 365.4 343.9 327 316.7 310.5 305.7 300.9 296.3 289.8 287.3 286.4 285.5 287.5 289.4 292.5 300.1 314.4 323.5 321.9 319.3 313.8 298.1 285 264.9 239.4 230.1 225.7 222.1 218.4 215.1 215.8 217 212 208.6 204.2 196.4 195.6 195.3 194 190.7 183.6 179.2 179.4
359.8 382.7 389.1 390.8 406.5 409.6 411.6 407.9 400.6 415 412.4 410.3 411.1 411.6 409.7 412.1 415.7 413.6 409.3 396.7 384.9 396.6 400.5 402.1 410 421.9 428.4 428.9 427.5 426.6 424.8 418.7 409.4 395.7 377.1 358.4 339.3 319.2 312.5 306.6 302 296.7 290.6 285.5 281.4 281.1 280.2 282.6 284.4 287.4 293.5 312.5 329.7 324.5 325.5 318 306 289 265.1 244.9 232.9 228.2 225.4 220.8 219.9 219.3 218.1 213.9 210.6 207.7 201.5 194.6 193.5 191.5 189.5 186.5 185.3 182.9
373.9 393.5 400 408.3 408.4 414.6 419.1 419.7 413.7 422.8 425.4 430.9 422.7 419 416.3 422.5 426.8 425.2 414.8 405.6 393.6 397.4 399.8 402.4 405.3 411.3 417.8 421.1 420.3 418.4 416 411.4 402.3 390 372.8 353.9 333.6 315 307.4 303 297.6 290.2 284.2 281.5 276.1 276.1 274.7 277.6 279.8 282.6 287.5 302.3 325.2 327.6 324.7 315.6 306.3 286 274.9 247.8 236.4 231.3 228.3 226 223.6 222.1 218.6 214.8 214.2 209.6 204.5 202.1 200.1 198.7 196.4 191.3 188.4 185.5
387.4 404.4 408.8 412.2 415.2 423.2 432.9 435.5 421.5 428.4 441.6 443.4 437.1 429.7 422.7 426.2 433.4 430.7 421.8 410.7 401.3 398.6 400.4 401.8 403.6 402.7 405.2 407.5 408.1 408.1 406.4 403.1 395 383.2 368 349.4 328.9 310.1 301.6 297.9 291.4 284.2 279.5 275.2 270.2 271.1 269.8 272.3 275.2 277.5 281.3 292.8 317.5 323.9 323 313 304.5 293.4 274.1 254.6 239.5 233.5 231.5 229.2 226.7 224.3 219 217.9 216.7 212 210.3 207.3 204 202 199.8 196.9 192.8 188.6
397.8 411 428.2 428.6 424.4 426.7 441 451.2 435.6 442.6 444.6 448.6 447.2 444 436.6 428.5 428.2 429.9 426.7 414.8 404.8 397.2 399.1 398.7 398.8 399.2 396.6 397.5 397.9 398 396.3 394.8 389.5 377.7 363.3 346.9 323.2 304.2 295.9 291.9 284.8 279.3 274.3 268.6 265 265.5 264.6 267.1 269.2 271.5 275.1 283 307.6 326.4 326.5 324 317.5 306.6 290.4 270 243.2 237.4 234.8 232.5 230.3 225.1 220.9 221.1 218 216.6 215.3 211.5 207.2 205.6 202.7 199 194.9 188.3
387.4 406.7 425.6 441.8 442.3 446.1 443.7 453.8 451 448.9 457.3 463.2 459.2 452.3 456.5 439.2 428.9 423.6 419.1 416.2 402.2 394.2 390.6 392.3 395 391.3 392.4 391.6 389.4 387 384.9 384 379.9 367.2 355.9 340.2 317.7 297.6 290.5 283.9 278.6 273 266.5 261.7 259.1 261 259.8 261.5 263.1 265.3 268.9 274.3 286.6 318.1 331.1 334.4 337.6 322.6 291.9 261.8 245.5 240.6 237.9 234.7 230.5 226.7 224.3 222.2 221.7 221 218.9 215.3 210.9 208.2 205.1 201.4 194.4 189
379.2 395.4 413.5 424.8 435.6 445.6 448.5 446.9 446.4 450.3 463.5 472.8 469.9 462.5 457.4 448.5 438.7 430.1 419.9 416.5 407.3 396.7 392.9 386.9 383.7 382.4 384.4 383.8 382.7 379.8 375 371.7 366.3 356.8 345.8 329.8 307.5 290 286.1 277.9 271.6 260.8 258.8 257.1 255.4 255.7 253.4 256 257.6 259.3 263.7 268.6 271.1 299.5 318.4 334.8 339.7 318.7 277.3 251.6 244.4 241.4 236.6 234.2 232.2 228.2 225.2 224.7 226.2 224.8 221.1 216.6 213.5 209.9 207.2 201.4 193.7 186.1
367.1 382.8 401.1 414.7 425 430.2 439 450.4 450.3 452 456.3 464.3 464.3 461.9 462.5 453.2 447.3 435.8 423.1 419 411.9 409.2 404.8 393.6 382.5 371.2 369.4 376.6 377.6 372.3 364.2 359.4 355 347.4 334.4 313.9 295.4 283.4 280.5 270.8 262.3 257.5 255 253.2 252.5 250 248.2 250.5 251.2 253.6 257 262.2 264.5 277 302.5 321.2 330.5 315.7 270.3 252.1 244.6 241.2 237.7 234.6 231.8 228.3 225.5 228 229.5 226.4 221.9 218.5 215.4 212.2 208.1 200.8 193 184.9
354.6 367.9 383.3 396.5 407.6 420.1 435.4 450.1 454.6 451.4 452 457.1 462 467.2 469.7 462 451.6 442.7 422.9 418.3 416.8 415.7 409.9 406.9 399.9 387.5 369 362.6 363.1 363.1 354.7 347.9 345 338.5 322.9 301.9 282.8 276.1 272.1 262 256.2 253.6 252.1 249.8 248.5 244.1 242.2 245.4 245.9 247.4 250.3 253.5 256.7 263.1 278.8 302.1 312.7 296.5 274.2 257.4 249.8 242.9 235.2 231.8 227.7 226.7 226.5 230.7 232.7 232.8 229.6 227.4 224.5 216.9 210.7 201.6 189.2 180.9
341 353.5 370 386.7 398.5 408.8 424 436.7 442.7 447 449.9 455.4 464 469.3 473 474.4 455 446.3 429.7 419.4 417.6 413.9 413.6 412.1 405.2 401 386.8 365 351.9 350.3 343.9 330 330.1 326.4 314 285.4 269.4 265.3 259.2 253.6 251.9 249.5 246.9 245.1 243.4 239.7 238.3 238.2 239.8 241.5 242.5 243.9 246 248.6 254.9 279.5 301.6 309 298 283.5 273.6 257.2 236.9 225.8 222 222.7 235.8 243.8 246.8 253.8 251.8 254.3 246.4 230.3 220.8 205.7 188.7 177.8
332 342.3 356.7 367.3 382.1 397.4 411.3 423.5 434.6 445.4 447.5 448.8 464.6 473.5 470.9 467 460 451.8 439.7 422.1 417.9 420.9 416.1 407.1 396.3 389.8 380.1 371.9 355.6 346.1 343.7 336.4 321.3 295.2 293.4 266.8 258.9 254.9 251 249.8 248.2 244.1 241.6 240.3 239.4 234.3 232.6 231.9 232.8 234.1 235.3 236.7 237.6 239.4 243.2 261.9 294.2 313 312.7 313.5 308.7 283.7 254.3 227.2 219.3 219.5 240.2 258 264.9 265.8 270.2 267.5 255.4 242.4 227.5 208.6 189 177.2
323.4 331.1 344.7 365 381.4 393.3 400.3 407.4 423.7 438.5 449.7 449.2 458.3 470.8 478.8 472.1 462 456.8 454.7 433.8 423.4 420 418.1 415.6 411.8 403.1 396 383.4 359.3 342.9 338.5 329.5 318.9 302 277.9 261.4 250.6 248.2 245.5 246.7 243 238.1 236 235.1 234.3 231.8 226.7 225.6 227.4 227.8 228.1 229 229.6 231.1 234.2 251.8 280.1 298.5 305.1 316.3 312.9 293.5 257.8 224.2 215.9 215.5 226.8 254 267.7 267.9 270.5 265.8 254.4 234.1 222 202.6 185.2 174.4
314.2 325.7 337.5 352.4 372.1 391.1 404.8 407.2 414.2 421.5 435.5 446.5 453.9 462.1 476.1 467 463.9 458.9 452 437.8 428.1 428.2 421.4 418.9 421.2 413.2 396.9 385.6 356.5 339.7 322.7 318.2 313.7 294.4 268.5 258.4 255.1 251.1 245.6 239.5 241.9 236.6 231.5 230.1 228.6 226.4 220.9 220.4 220.5 222 221.5 221.8 222.1 221.9 225.5 234.9 256 276.1 291.6 299.5 298.1 285.9 249.8 219.3 211.6 210.9 214.6 229.8 249.9 256.8 254.6 246.5 232.6 218 203.7 186.3 169.9 161.3
308.9 321.2 332.8 352.8 366.1 381.9 404.4 413.8 416.7 420 427 435.1 441.1 448.3 454.9 461.9 466.5 460 447.1 434.5 428.5 430.5 432.8 427.4 424.7 407.4 399.2 385.9 357.2 330.6 305.5 305.2 296 275.2 263.2 257.1 252.8 249.7 247 241.6 229.7 234 227.5 225.9 222.9 220.7 215.3 214.3 215.4 216.9 216.2 214.3 213.3 213 215.1 219.6 236.5 257.1 281.7 284 277.6 268.6 246.1 213.9 205.4 206.5 203.6 213.4 230.9 238.9 240.1 230.1 217.5 198.7 182.7 168.5 165 162.6
306.9 317.8 328.2 348.9 365.4 385.3 397 410.6 420.1 426 429.7 432.7 437 439.8 442.7 446.7 448 446.2 437.6 427.5 426.3 426.4 424 423.1 417.2 418 411.9 397.6 367.6 338.4 307.6 282.5 280.2 263.7 256.9 252 248 245.7 243 239.9 233.9 223.8 225.6 221.1 218.3 216.9 211.9 210.1 210.4 208.9 209.5 207.9 205.8 204.5 205.6 208.4 219.5 240.1 258.7 267.5 261.7 254.3 231.6 210.8 197.6 199.3 196.4 202.6 216 219.8 214.7 203.8 190.5 177.4 170.1 167.1 165.8 165.9
301.9 313.8 323.4 334.6 352.1 372.7 396.9 408.9 419.9 429.2 430.6 431.1 437.5 442.6 446.2 447.3 445.4 439.2 434.2 429.4 427.8 434.2 432.7 425.3 434.2 421.9 412.3 397.5 362.3 327 299.4 280 267.9 256.1 251.9 247.5 243.1 241.5 238.9 236.3 232 226.5 218.2 219 214.5 213.2 211.1 206 205.9 204.5 204.7 204.5 202.1 199.7 201.3 201.6 205.9 216.6 230.9 243 244.5 236 229.5 214.1 195.8 191.2 191.6 196.2 200.7 200.2 191.1 187.7 182.5 178.3 174.5 171.3 169.2 171
298.7 312.4 324.9 336.6 349.4 360.9 378.3 393.8 408.9 424.8 426.6 428.1 433 440.1 443.6 448 453.6 450.6 442 433.9 429.5 430.7 433.4 433.7 432.9 424.3 400.4 380.5 349.9 316.9 287.3 270 259 252.6 245.1 243.5 238.8 236.8 235.8 232.5 228.3 223.4 220.2 211.4 211.3 211.4 208.3 204.6 199.2 198.8 200 199.9 199.3 196.4 197.6 197.8 196.7 202.7 210.8 220.8 230.4 232 231.3 217.4 202.4 191.6 188.2 191.1 190.8 186.8 184.2 182.6 180.3 178.9 176.1 171.7 169.7 171.6
292.4 307.4 322.6 334.3 346.9 357.7 370.4 379.5 393.4 408.8 421.7 430.2 433.1 440 447.4 455.7 457.7 455.7 446.2 436.6 433.1 432.7 429.1 431.2 425.5 415 396.6 371.6 348.6 305.7 275.3 261.9 255.6 251 244.5 234.6 234.5 233.3 231.8 228.2 223.3 220 217.5 214.6 210.7 206.7 204.2 202.4 197.6 194.5 194.5 195.1 194.6 194 191.9 192.3 192 194.9 201.3 210.5 221.6 227.6 222.5 215.3 203.1 193.5 183.8 185 183.1 180.9 178.1 177.1 175.7 176.5 174.2 170.9 170 171.9
288.5 304.8 322 338.5 346.6 357.1 366.3 377 387.9 399 413.5 428.5 433.2 438.5 450.9 458.4 453.9 450.6 443 438.6 433.3 436.3 423.2 419.2 413.9 401.9 379.8 356.2 326.5 293 269.7 260.1 252.5 248.1 240 230.3 229.5 229.4 227.2 222.8 220.1 217.6 215 211.9 209.4 204.8 199 198.8 196.2 192.9 191 190.6 190.3 189.1 186.9 184.6 187.1 189.4 194 203.7 216.3 220.3 214 207.7 200.4 191 182.1 180.3 178.3 176 173.1 170.8 171.3 172.3 172 170.3 170.6 170.8
281 296.6 316 330.7 345.4 360.5 366.2 378.2 389.8 397.1 400.8 417.5 429.1 440 448.4 458.8 454 448 442.5 437 431 426.3 412.2 404.4 399.3 389 369.5 358.7 333.8 292.3 268.9 254 244.4 243.1 231.7 224.9 224.7 225.1 221.2 217.6 216.3 214.6 212.2 211 206.6 201.5 197.8 193.6 192 189.9 189 188.6 187.1 185.4 182.8 180.3 182.1 184.3 187.5 195.8 209.9 213.8 208.1 203.7 195.2 185.1 179.7 176.6 174.3 170.8 168.8 166.2 167 169 171.1 170.6 170.7 167.2
274.1 287 307 324.3 342 355.4 361.5 377 386 397.3 403.4 405.5 418.8 428.4 436.1 445.6 447.9 446.6 444.4 436 428.4 422 413.4 408.6 411.1 395.8 373.1 360.1 339.8 291.8 265.7 246.3 238.3 230.2 222.5 219.5 220.1 219.3 216.5 214.1 212.1 210.8 209.8 207.9 204 198.7 195.3 192.6 189.6 187.8 186.8 186.5 186.6 186.6 182.8 179.5 176.9 178.3 181 186.9 200.1 204 200.1 195.1 184.4 176.3 173.3 169.6 168.9 166.5 163.6 163 165.2 167.8 170.4 168.7 166 161.8
