Data/OS Terrain 50/NY42.asc
ncols 200
nrows 200
xllcorner 340000
yllcorner 520000
cellsize 50
[rows 140 to 174 of 200, columns 78 to 155 of 200]
209.3 207.5 207.2 207.4 203.1 198.7 193.7 189.3 186.3 181.2 173 164.9 165.3 169.8 171.2 171 169.8 169.1 168.1 165.9 161.6 158.4 154.6 149.1 148.5 148.1 144.6 144.6 144.6 144.6 144.6 144.6 144.6 144.6 144.6 144.6 144.6 144.6 144.6 144.6 144.6 144.6 144.6 144.6 144.6 144.6 149.2 153.1 161.4 163.2 161.4 157.8 162.4 166.6 173 177.8 182.6 186.2 190.2 194.4 197.2 198.9 201.1 202.4 204.2 198.3 205.7 210 214.4 218.3 220.5 224 227.4 230.7 234.1 237.4 241.7 234.4
209.5 207.4 207.6 204.6 201.2 197.8 192.6 187.3 183.1 179.3 173.4 165.2 161.6 163.5 166.6 167.3 165.8 166.1 164 162.2 158.3 153.7 151 146.2 144.6 144.6 144.6 144.6 144.6 144.6 144.6 144.6 144.6 144.6 144.6 144.6 144.6 144.6 144.6 144.6 144.6 144.6 144.6 144.6 144.6 150.1 156.4 163.5 167.7 168.8 167.6 164.1 164.2 170.6 176 181.3 185.4 188.5 192.8 197.6 201 202.8 205.4 207.2 209.5 204.8 208.9 215.4 218.7 221.3 224.6 227.9 231.9 235.7 239.6 243.4 245.4 246.6
209.2 207.2 204.2 201.4 198.9 195.6 190.3 184.4 179.1 175.2 169.3 160.7 157.1 161.6 160.5 163.2 163 162.7 160.9 158.3 155.8 150.7 148.3 144.6 144.6 144.6 144.6 144.6 144.6 144.6 144.6 144.6 144.6 144.6 144.6 144.6 144.6 144.6 144.6 144.6 144.6 144.6 144.6 144.6 152.3 158.3 163.7 168.8 172.5 174.5 172.2 168.5 168.1 174.2 181.1 186 189.2 192.2 196.2 201.1 204.3 206.9 209.5 212 214.6 213.2 212.8 219.2 222.2 225 227.9 231.6 235.7 239.8 244 247.7 250.6 252.9
207.6 204.1 200.1 198.1 195.5 190.2 187.1 183.1 176.9 171.6 166.2 159.7 157 155.8 154.8 157.9 158.6 159 157.8 155.4 150.7 148.2 147.2 144.6 144.6 144.6 144.6 144.6 144.6 144.6 144.6 144.6 144.6 144.6 144.6 144.6 144.6 144.6 144.6 144.6 144.6 144.6 144.6 147.7 156.3 161.5 165.4 170.6 176.3 178.4 176 171.5 173.5 180.2 185.7 189.8 192.9 196.6 200.5 204.6 207.6 210.2 213.3 215.8 218.7 216 216.4 223.1 225.7 228.5 231.5 235.9 239.7 243.8 248 252.1 254.7 257.2
203.3 200.7 196 194.2 191.6 186.1 183.3 179.1 173.4 169.3 164.6 158.4 155.7 154.6 153.1 152.4 152.2 151.5 150.2 149.3 148.7 148 146.7 144.6 144.6 144.6 144.6 144.6 144.6 144.6 144.6 144.6 144.6 144.6 144.6 144.6 144.6 144.6 144.6 144.6 144.6 144.6 147.7 150.5 157.9 164.5 168.3 172.4 177.8 181.9 178.9 175.8 178.2 183.9 189.2 192.9 196.4 200.6 204.5 208 211.1 214.3 217.3 219.8 222.2 219.4 219.8 226.4 229.3 231.9 236 240.5 244.4 248.5 252.7 257 259.8 262
199.4 195.8 191.2 188.2 185.2 182.1 179.7 175.7 170.8 166.3 161.8 156.7 155.5 155.8 156.7 152.7 150.8 150.1 149.6 148.9 148.4 147.7 146.7 144.6 144.6 144.6 144.6 144.6 144.6 144.6 144.6 144.6 144.6 144.6 144.6 144.6 144.6 144.6 144.6 144.6 144.6 146.8 148.6 151.5 159.4 165.1 170.3 175.3 179.2 182.8 179.6 177.3 181.9 187.7 193.1 196.4 199.4 203.5 208.1 211.7 215.1 218.4 221.9 224.5 227 226.9 221.9 228.9 232.2 235.9 239.5 244.9 249.7 254.2 258.4 262.6 265 267.2
195.1 190.8 186.5 183.4 180.7 177.5 175.5 172.5 166.5 161.7 158.3 156.5 158.1 159.1 157.3 153 150.5 149.6 149.5 148.8 148.2 147.6 146.1 144.6 144.6 144.6 144.6 144.6 144.6 144.6 144.6 144.6 144.6 144.6 144.6 144.6 144.6 144.6 147 147.3 146.9 148 150.9 157.4 156.6 163 168.5 177.2 180.3 181.1 178.3 179.6 184.7 190.2 195.6 199.6 202.5 206.5 211.6 216.5 221.4 223.6 226.5 229.4 231.6 231.3 230.5 224.8 236 240.8 244.8 249.8 254.8 259 263.7 268.4 272.8 274.4
191 183.6 180.1 178.3 175.9 174.7 172.7 168.5 162.1 158.5 158 160.8 162.4 161.5 158 154.2 150.9 149.6 148.9 148.7 148 147.5 146.5 144.6 144.6 144.6 144.6 144.6 144.6 144.6 144.6 144.6 144.6 144.6 144.6 144.6 144.6 144.6 149 148.9 149.9 150.9 155.1 159.9 161 158.9 165.6 176.7 178.5 178.2 180.3 184.2 188.7 192.3 197.4 202.2 205.9 209.9 215.5 222.1 227.1 230.4 232.7 234.4 235.9 236.6 235.8 231.5 241.4 245.7 249.9 254.7 260 264.4 269.3 274.1 277.8 280.3
186.3 178.6 174 172.8 170.2 170.5 168 162.1 164.2 162.2 162.4 164.4 166.6 163 159.2 157.2 152.8 149.6 148.5 148.3 147.6 147.2 145.7 144.6 144.6 144.6 144.6 144.6 144.6 144.6 144.6 144.6 144.6 144.6 144.6 144.6 144.6 146 150.1 150.9 152.7 153.2 156.1 160 162.5 164.5 162.7 168.7 173.1 177.1 182.4 187.4 192 195.4 199.2 204.6 208.9 213.4 219.6 226 230.6 234.4 237 239.3 240.9 241.8 242.1 235.3 246.5 251.8 256.2 261.1 265.8 270.3 275.1 279.3 283 285.5
184.2 177.9 168.4 167.7 167.5 164.6 163.9 167.2 166.5 163.7 166.4 169.7 170 165 162.8 159.7 153.7 149.6 150.9 150.8 147.3 146.9 144.6 144.6 144.6 144.6 144.6 144.6 144.6 144.6 144.6 144.6 144.6 144.6 144.6 144.6 144.6 147.7 149.3 151.5 153.9 156.1 158.3 162 165 168.8 173.2 171.8 172.1 178.1 183.4 188.6 193.6 197.6 202.3 208.1 212.8 218.2 224.1 229.7 234 237.8 240.5 243.2 245.7 247.5 248.9 245.1 249.1 256.9 262.5 268.1 272.1 276.1 280.2 284.4 288.3 290.8
180.8 176.1 170.1 166.1 164.7 163.7 166.4 169.2 166.7 169.4 173 174.9 171.3 167.1 164.8 160.1 154.5 151.5 148.4 151.1 147.3 145.6 144.6 144.6 144.6 144.6 144.6 144.6 144.6 144.6 144.6 144.6 144.6 144.6 144.6 144.6 144.6 148.2 149.9 151.4 154.4 159.6 166.8 168.8 170.7 173.3 175.5 174.8 175.7 181 185.4 190 195.5 200.8 206.3 211.8 217.1 223 228.6 234.2 238.1 241.9 244.5 247.2 249.8 252.8 255.1 252.8 251.8 263 269.3 274.6 279.1 282.8 285.9 290 293.9 297.2
178.2 175 167.7 165.6 164.8 166 169.3 169.4 170.6 174.3 178.2 176.9 170.8 166 162.9 157.4 153.6 152.1 148.9 149.8 144.6 144.6 144.6 144.6 144.6 144.6 144.6 144.6 144.6 144.6 144.6 144.6 144.6 144.6 144.6 144.6 146.7 150.9 151 152.5 154.8 164.4 169.7 172.7 175.4 178.1 179.1 176.9 177.1 183.4 189 194.7 199.5 204.3 209.3 214.8 220.7 226.9 232.8 238.4 242.7 246.5 248.6 251.2 254.3 257.9 260.3 259.8 254.5 269.1 275.9 281.2 285.1 288.2 291.4 295.3 299.1 302.6
176 173.2 168.1 166.4 165.7 169.2 170.6 171.3 174.1 177.4 181.8 176.9 169.8 164.8 158.6 153.8 153 152 151.2 150.2 144.6 144.6 144.6 144.6 144.6 144.6 144.6 144.6 144.6 144.6 144.6 144.6 145.1 145.3 144.7 146.2 148.7 152.7 153.2 158.7 162.1 167.5 171.9 176.7 179.3 182.6 182.3 180.1 179.5 183.1 191.9 199.4 204.9 208.5 212.8 217.6 223.6 229.9 236.5 242.5 248.4 253 255.6 258.1 260.3 263.2 266 266.8 263.8 276.4 281.9 287 290.3 293.5 296.9 300.6 304.7 308.5
170.9 170.3 168.4 167.1 167.1 171 170.1 172.6 176.2 179.5 182.3 176.4 169.7 163.9 155.2 150.5 149.8 148.5 146.6 144.6 144.6 144.6 144.6 144.6 144.6 144.6 144.6 144.6 144.6 144.6 144.6 144.6 147.2 147.4 146.8 147.8 149.5 153.8 155.2 160.8 164.4 168.7 172.5 177.8 182 186.9 185.2 183.1 187.3 189.7 197.6 204.4 208.9 212.3 216.7 221.2 226.9 232.7 240.1 247.3 254.6 260.4 264.2 266.9 269.4 271.4 274 274.2 266.2 283.7 288.5 292.6 295.6 299 302.4 306 310.5 314.9
175.4 171.7 168.4 167 167.5 168.3 169.6 173.5 177.7 182.2 181.9 175.3 168.5 162.5 154.5 146.2 144.6 144.6 144.6 144.6 144.6 144.6 144.6 144.6 144.6 144.6 144.6 144.6 144.6 144.6 144.6 145.3 148.5 149.5 150.4 150.2 151.5 154.8 155.4 160.9 165 169.1 173 178.6 184.8 188 187.7 191.2 194.7 198.5 203.2 206.8 211.2 216.1 220.6 224.9 230.7 237.9 244.8 252.3 260.8 267.4 271.6 274.9 277.9 279.7 282.5 284.1 282.9 291.4 295.4 299.1 300.8 304.2 307.7 311.8 317 321.3
178.2 173.3 168.8 165.8 165.6 165.8 167.9 173.7 179.8 183.8 180.7 175.2 167.6 160.9 150.7 144.6 144.6 144.6 144.6 144.6 144.6 144.6 144.6 144.6 144.6 144.6 144.6 144.6 144.6 144.6 144.6 144.8 150.7 154 154.6 154.7 156.1 157.4 155.5 160.2 164.9 169.3 174 180.3 185.5 188 191.1 195.3 199 202.8 205.3 209 213.2 218.4 223.8 228.6 235.1 243.3 250.6 258 265.7 274 278.6 281.9 285.6 288.6 290.5 290.2 294.6 298.8 301.8 305.5 306.8 309.6 314.4 318.7 323.6 327.3
181 174.3 169.6 165.5 165.1 164.8 166.4 175.2 181.2 181.7 179.1 173.6 167.2 160.9 148.5 144.6 144.6 144.6 144.6 144.6 144.6 144.6 144.6 144.6 144.6 144.6 144.6 144.6 144.6 144.6 144.6 144.6 150.8 156.7 159.1 160.3 161.4 157.6 155.6 159.2 164.2 168.7 173.4 179.8 184 188.7 194.2 199 202 204.6 208.5 212.8 216.3 221.9 228.7 234.5 241.2 249.6 258.2 268.1 275.9 281.8 285 288.3 290.9 294.5 299 300 303.9 306.5 309.8 311.5 313.5 315.8 320.8 325.8 329 332.6
181.5 174.7 169.9 165.9 165 164.1 166 174.8 178.6 177.7 174.8 171.2 165.3 158.6 148.4 144.6 144.6 144.6 144.6 144.6 144.6 144.6 144.6 144.6 144.6 144.6 144.6 144.6 144.6 144.6 144.6 144.6 149.5 156.4 162.1 165 165.2 159 156.2 158.1 162.6 168 174.4 179.3 182.9 188.5 195.4 200.6 204.1 207.7 211.3 216.5 222 228.3 233.5 241.2 249.3 258.7 266.7 276.2 283.9 289.1 292.7 295.6 297.8 302.1 306.8 309.2 302.9 315.3 318.5 319.5 320.8 323.9 327.4 331.6 334.6 337.1
181.1 174.7 170 165.5 165.6 167 166.4 171 174 172.2 170.3 168 162.8 157.4 147.3 144.6 144.6 144.6 144.6 144.6 144.6 144.6 144.6 144.6 144.6 144.6 144.6 144.6 144.6 144.6 144.6 144.6 145 155.5 160.6 165.2 166.7 161.3 157.3 159.5 164.2 170.1 176.1 179.7 183.3 188.8 195.4 200.9 206.1 209.2 214.9 219.8 225.4 232.1 240.4 248.3 258 267 276 285.2 293.3 297.3 299.9 302.6 306.2 310.7 316 318.4 314.4 322.6 326.2 326.4 328.2 331.2 334.1 337 339.4 341
183.6 174 169.1 167 169.6 169.4 166.1 167 166.7 164.9 165.3 163.8 158.6 153 147.9 144.6 144.6 144.6 144.6 144.6 144.6 144.6 144.6 144.6 144.6 144.6 144.6 144.6 144.6 144.6 144.6 144.6 144.6 154.6 158.7 163.2 166.9 163.5 161.9 163.9 170 174.2 178.1 180.8 184.4 190.5 195.7 202.3 208 212.7 218.6 223.1 230.4 237.5 247.3 256.4 266.8 275 284.9 295.3 301.2 305.5 307.7 311.3 315.4 320.5 325.5 327.2 320.9 331.8 333.8 333.9 334.9 338.8 340 341.8 343.1 344.5
179.3 172.9 169.4 169 170.1 166.8 164.4 163.6 162.9 162.3 162.3 157.8 153 148.5 147.7 144.9 144.6 144.6 144.6 144.6 144.6 144.6 144.6 144.6 144.6 144.6 144.6 144.6 144.6 144.6 144.6 144.6 144.6 151.4 157.7 164.5 168.6 169.3 167.3 170.4 174.5 178.6 181.3 183.8 187.1 193 199 205.4 210.5 216 223.5 229.5 238.8 249.1 256.7 264.9 273.1 283.4 292.9 302.7 308.3 313.1 317.5 322.5 326.6 330.7 335.4 335.2 330.5 340.3 342 340.7 342.3 343.5 344.7 345.4 346.5 347.2
177.4 173.7 170.3 169.1 166.9 162.3 160.7 162.7 163 162.5 160 154.7 151.5 149.3 149.6 145.5 144.6 144.6 144.6 144.6 144.6 144.6 144.6 144.6 144.6 144.6 144.6 144.6 144.6 144.6 144.6 144.6 144.6 147.6 158.5 166.8 172.6 172.3 171.6 176 179.9 182.4 184.7 186.6 189.2 194.3 201.8 208.3 214.5 219.9 228 239.6 249.6 259.4 266.7 273.2 281.3 289.7 300.9 309.3 315.4 320.6 324.4 331.9 339.7 342.9 344 343.9 333.8 347.2 348.1 347.7 348.3 347.5 347.9 348.7 349.5 349.1
175.7 171.7 168.9 166.3 162 159 160.5 164.2 163.3 160.6 156.4 153.3 150.2 149.2 149 144.6 144.6 144.6 144.6 144.6 144.6 144.6 144.6 144.6 144.6 144.6 144.6 144.6 144.6 144.6 144.6 144.6 144.6 145.5 159.7 167.2 173.6 174.3 175.2 179.7 183.1 186 188.1 192.1 196.3 199.3 205.1 210.8 217.5 226.6 239.9 251.5 261.8 267.9 273 280.1 287.9 298.1 309.6 316.1 321.7 326.2 332.1 343.4 351.4 354.9 353.6 352.1 350.9 354.5 357.2 353 353.3 352.4 351.4 352 352.1 351
171.5 166.8 165.3 162.9 160 159.3 160.5 162.5 161.9 157.9 155.8 152.4 148.9 147.8 144.6 144.6 144.6 144.6 144.6 144.6 144.6 144.6 144.6 144.6 144.6 144.6 144.6 144.6 144.6 144.6 144.6 144.6 144.6 148.2 159.1 165.6 172.4 175.6 178.2 182.9 186.6 189.2 191.7 195.2 199 202.9 206.1 214.4 224.5 239.6 251.9 262.3 269.6 274.9 279.9 286.9 295.6 306.3 318.4 323.4 328.4 335.5 344.2 356.7 362.8 361.9 362 359.3 356 360.4 362.5 357.8 357.5 356.8 354.8 354.7 354.3 352.5
162 160.7 160.7 160.7 160.3 159.4 159.9 161 158.2 156.2 153.6 150.1 147.8 144.6 144.6 144.6 144.6 144.6 144.6 144.6 144.6 144.6 144.6 144.6 144.6 144.6 144.6 144.6 144.6 144.6 144.6 144.6 144.6 149.4 157.8 163.6 171.8 178.6 183 186.8 189.9 192.3 195.5 198.3 202.5 206 211.1 222.1 234.4 250.7 263.5 272.7 276.3 281.7 287.7 294.6 304.5 316.2 327.4 332.2 338.5 347.4 356.9 367.3 371 369.4 368.4 363.7 362.2 363.7 363.4 361.6 361 360.2 358.4 357.4 355.7 353.9
159.5 159.8 159.5 159.9 159.8 160.6 163 162 156.7 154.9 153.6 150.5 146 144.6 144.6 144.6 144.6 144.6 144.6 144.6 144.6 144.6 144.6 144.6 144.6 144.6 144.6 144.6 144.6 144.6 144.6 144.6 144.6 151.9 158.9 166.1 173.1 179.8 185.7 188.3 192.6 195.7 198.4 201.4 205.9 209.5 218.4 231.8 246.4 263.3 272.8 280.6 285.2 291.8 298.2 304.3 314.3 328.1 337 343.9 353.2 361.5 370.9 376.8 376.2 376.3 371.8 369.2 360 367.2 366.7 365.4 364.6 363.7 361.9 360.2 357.2 355.7
160.5 159.9 159.9 159.7 161.3 165.9 166.4 161.2 158.5 158.9 156.9 151 145.7 144.6 144.6 144.6 144.6 144.6 144.6 144.6 144.6 144.6 144.6 144.6 144.6 144.6 144.6 144.6 144.6 144.6 144.6 144.6 147.4 153.8 161.5 168.2 174.5 179.1 184.5 189.7 194.5 199 202.1 205.3 210.5 216.3 230 243.8 257.4 273 280.7 287.4 293.7 299.1 306.6 315.4 328 342.3 352.6 361.9 370.3 376 385.5 385.3 383.4 381.4 376.5 366.8 370.5 371.2 370 368.5 367.4 366.4 365.3 364.3 359.3 357.7
162.1 160.9 160.4 160.9 165.4 168.1 165.4 159.8 160.8 160.2 155.6 150.3 145.1 144.6 144.6 144.6 144.6 144.6 144.6 144.6 144.6 144.6 144.6 144.6 144.6 144.6 144.6 144.6 144.6 144.6 144.6 144.7 153.3 158.8 164.8 170.5 175.8 180.3 185.1 190.7 196.5 202.1 205.3 209.8 215.7 224.7 242.4 256.4 271.3 280.2 286.5 293.5 300.1 307.7 315.7 328.2 343.8 363.7 372.8 384.1 393 391.5 393.2 391.8 388.9 384.7 377.8 374.7 376 374.8 373.6 372.2 370.5 368.7 366.8 364.4 362.7 360.4
166.9 163.5 161.2 162.5 167.7 166.9 162.4 161.2 161 157.3 152.1 145.1 144.6 144.6 144.6 144.6 144.6 144.6 144.6 144.6 144.6 144.6 144.6 144.6 144.6 144.6 144.6 144.6 144.6 144.6 144.6 151.9 162 164.7 167.7 172.3 177.4 182.2 186.9 191.2 197.9 204.6 209.4 214.4 223.6 240.6 255.9 269.2 278.8 285.5 293.6 301.8 309.4 317.3 329.6 343.4 367.7 382.4 400.4 415.2 406.6 401.4 400 397.1 391.7 387.3 379.1 380.8 380.3 378.7 377.2 375.8 373.7 371.2 368.1 366.1 365.3 364.2
170.1 166.2 162.1 163.5 164.5 162.1 159.4 160.4 157.8 153.8 146.7 144.6 144.6 144.6 144.6 144.6 144.6 144.6 144.6 144.6 144.6 144.6 144.6 144.6 144.6 144.6 144.6 144.6 146.6 147.1 148.8 159 165.1 168.5 172.5 177.7 182.6 185.5 189.3 194.5 200.3 208.9 217.8 225.8 240.1 254.5 266.4 276.5 286.7 295.5 303.2 315.4 325.9 340.7 351.9 372.2 392.5 400.8 419.2 420 415.4 410.4 406.1 400.9 395.1 389.5 383 385.7 385.1 382.8 382 380 378 374.3 368.8 368.2 368.1 367.2
171.1 166.8 161.7 161.9 160 156.9 155.1 155.9 154.5 149.7 144.6 144.6 144.6 144.6 144.6 144.6 144.6 144.6 144.6 144.6 144.6 144.6 144.6 144.6 144.6 144.6 144.6 147.1 148 152.3 157.8 165.9 169.2 173.5 177.2 181.5 184.4 187 191.6 197.5 205.6 215.3 226.1 237.2 250.1 264.6 274.1 285.1 297.1 308.2 320.7 335.3 348.5 361.4 378.3 400.9 412.1 418.2 424.6 423.7 423.1 416.9 411 405 399.5 394.9 389.9 389.6 389.3 388.6 387.7 385.1 381.9 379.3 372.4 371.2 370.8 369.8
171.5 163.9 161.5 158 154.2 150 149.7 150.9 149.4 144.8 144.6 144.6 144.6 144.6 144.6 144.6 144.6 144.6 144.6 144.6 144.6 144.6 144.6 144.6 144.6 144.6 146.9 148.3 151.5 157.1 163.5 167.8 173.7 177.9 181.2 183.6 187 190.2 195.7 204.1 212.4 222.3 236.5 248.4 261.9 274.2 282 297.1 311.2 327.2 341.4 357.8 372.1 387.9 408.4 419.4 426.5 429.2 428.8 430.8 428.5 422.6 415.6 409.5 404.8 399.5 397.4 394.5 394.9 394.6 392.7 388.5 385 382.6 377.1 374.6 373.7 372.4
165.6 160.3 156.2 152.3 149.3 147.7 147.1 144.6 144.6 144.6 144.6 144.6 144.6 144.6 144.6 144.6 144.6 144.6 144.6 144.6 144.6 144.6 144.6 144.6 144.6 144.6 147 149.4 152.7 162.7 168.1 173.2 179.6 181.6 185.9 188.4 193.6 198.9 205.4 213.1 220.6 230.6 245 259.9 276.2 288.8 299.1 313.8 335.7 352.7 373.4 385.4 405.1 423.8 428.3 432.1 435.4 436.3 435.1 434.9 431.2 425.8 419.4 414.1 409.6 403.3 403 402 402.7 401.5 397 392.7 386.4 383.6 380.8 378.2 376.7 375.6
161.6 157.9 154.4 151.9 149.9 147.3 144.6 144.6 144.6 144.6 144.6 144.6 144.6 144.6 144.6 144.6 144.6 144.6 144.6 144.6 144.6 144.6 144.6 144.6 144.6 146.2 147.4 151.4 158.7 168.8 174 178.7 182 190.2 193.1 195.6 202.8 209 215.1 222 228.2 238.9 252.8 274.2 292.8 306.2 319.9 344.4 371.5 389 412.7 423.2 444.1 437.6 439.6 442 445.4 442.8 440.8 438.6 434.6 428.9 423.4 418.8 410.5 414.5 412 410.7 409.1 406.2 402.1 396.3 389.8 385.3 382.8 381 380.7 378.8
158.3 155.4 154.3 155.7 152.3 146.8 144.6 144.6 144.6 144.6 144.6 144.6 144.6 144.6 144.6 144.6 144.6 144.6 144.6 144.6 144.6 144.6 144.6 144.6 147.2 148.5 150.4 155.6 168.1 173.9 181.5 184.7 191 197.6 199.4 204.3 212 218.9 224.7 230.5 237 249.4 272.7 308.2 324.6 334 349.1 385.3 406.7 435.5 442 446.7 448.8 446.9 449.2 451.4 451.8 448.3 446.1 442.2 439.1 433.5 428.2 420.3 425 423.4 418.8 417.6 416.8 412.6 406.7 401.1 393.3 388.2 385.5 384 382.6 379.8
