Data/OS Terrain 50/NY42.asc
ncols 200
nrows 200
xllcorner 340000
yllcorner 520000
cellsize 50
[rows 70 to 104 of 200, columns 0 to 77 of 200]
288 287.1 286.4 289.1 290.2 290.1 288.8 286.2 287.8 289.9 291.8 292.6 289.7 289.8 293.1 297.2 297.6 294.6 292 289 284 281 280 278.9 282.8 283 280.1 284.8 290.3 293 290.3 282.5 276.4 268 261.9 259.3 261.8 263.4 262.7 260.3 258.7 258.7 260.2 262.2 258.3 255.1 256.1 255.5 253.3 248.1 244.3 242.2 240.7 237 233 228.8 224.7 223.5 220.2 217.5 218.7 213.4 211.4 207.5 208.9 209.9 209 207.1 207 206.1 203.4 201.5 200.4 198.8 199.6 198.4 198.1 198.4
292.5 292.1 292.5 294.6 294.7 293.7 291.8 290.8 292.8 295 297 294.9 290.8 288.8 289.6 291.4 291.4 290.3 288.5 286.2 282.8 282.7 280.8 280.9 284.6 282.9 280.2 284.3 290.5 294.7 292.6 286.5 278.9 270.5 262.3 256.8 258.6 259.2 258.8 257.7 256.9 257.7 259.6 260.1 256.1 252.6 253.8 253.6 249.9 243.6 236.9 232.6 228.9 226.5 224.1 222.7 220.1 216.6 213.8 213.7 212.2 211.4 210.9 217 219.5 217.6 213.1 207.6 206.7 205.8 204.8 203.3 202.2 200.2 194.9 201.1 208.2 211.7
298.1 297.7 298.2 298.5 297.4 296.4 295.4 296.2 298.6 300.9 299.4 296.2 291.9 289.6 288.5 287.9 287.3 286.5 285.6 284.1 284.1 283.5 280.8 282.2 285.8 282.7 279.6 282.5 287.8 293.2 293.3 287.9 281.1 271.9 263.4 256.2 251.5 254.2 255.1 252.9 251.9 255.4 258.2 257.2 252.3 250.2 250.5 249.4 244.9 239.2 230.9 227.1 222.5 220.1 220 219.3 217.3 216.2 217.5 215.6 215.6 214.8 218.2 223.2 220.9 218.9 216 209 206.9 206 205.3 204.7 203.5 203 199.9 204.5 209.8 213.8
303.6 302.8 302.8 302.7 301.1 300.9 300.6 302.4 304.9 304.6 301.8 297.5 293.4 291.6 290.6 288.2 287.1 286 285.3 285 286.1 283.8 280.2 283 284.8 282.1 280 281.2 285.8 290.3 292 288 282.2 274.4 265.6 258.4 252.5 248.1 248.4 245.6 248.1 253.8 254.4 252.1 247.4 245.6 245.7 244.5 239.6 233.4 223.8 232.7 235.8 228.6 222.1 218.4 223.3 223.5 220.8 218.7 218 219.8 225.7 225.4 222.3 220.1 216.8 212.3 208.4 206.7 206 205.4 204.3 202.5 205.7 204.5 209.7 213.3
307.8 307.5 307.5 307.7 307 306.8 306.6 308.1 309.9 307 304 299.1 295.9 294 292.1 289.4 288.5 287 286.6 287.6 286.8 283.4 279 281.9 283 281.8 280.6 278 282.1 286.2 288.7 287.5 283.5 277.1 268.5 261.7 251.1 245 242.9 242.9 244.7 247.8 247.3 244.7 240.8 239.4 238.8 236.2 229.5 227.7 234.9 241.5 242.4 240.5 232.6 232 230.9 226.4 220.8 220 221.1 226 229.5 227.7 223.7 221.2 218.8 213.8 209.7 207.7 206.8 205.9 207.1 210 208.8 207.8 207.3 209.9
313.5 313.4 313.5 313.7 313.6 313.5 313.2 314.2 314.2 310.4 306.1 301.2 298.4 296.3 293 290.8 289.4 288.3 288.7 290.3 287.8 282.2 277.5 279.5 279.9 281.4 281.1 275.7 277.8 282.1 286.2 286.5 284.8 278.9 270.6 262.3 251.8 243.9 242.6 242.3 240.5 241.2 240.2 239 234.9 233.5 231.8 229.7 229.6 236.3 240.6 242.6 240.6 240.4 238.6 236.2 231.8 226.3 221.2 221.8 225.9 229.3 232.1 229.2 225.3 223 219.8 215.7 211.4 209.4 208.2 209.3 209.7 211.6 210.4 210.1 209.4 209.8
319.8 320.1 320.3 320.5 321.1 320.6 320 320 318.3 313.4 308.1 303.2 300.2 297.2 294.7 292.1 290.5 289.6 290.8 292.3 287.7 282 277.3 274.4 276.7 281 279.6 274.4 274.3 278.4 283.3 284.9 285 279.6 272.1 262.9 252.2 241.9 239.2 239.6 236.1 234.7 233.4 232.9 230.6 229.3 230.5 231.8 232.5 238.4 242.1 242 238.3 236.7 236.1 235.1 231.8 226.7 222.5 225.4 229 232.2 234.1 230.1 227.2 225 221.9 218.4 213.6 211 213.1 211.6 213 213.5 212.2 212.8 212 212.2
326.2 326.7 327 327.6 327.9 327.8 327 325.5 321.8 316.6 309.6 304.7 301.5 299.2 296.9 293.5 291.6 290.6 292.6 292.6 287.9 282 276.7 272.8 275.4 278.2 275.9 271.9 269.9 273.8 277.7 278.8 280.1 277.7 269.8 262 251.4 238.9 236.1 234.6 233.6 233 232.5 231.9 231.2 230.5 234.7 237.1 238.1 239.7 241.8 240.2 236.2 233.1 232.5 233.4 231.3 225.3 223.5 227.7 232.2 235 235.6 231.3 228.9 226.5 223.5 219.6 215.1 212.6 214.9 214.1 215.1 215.4 214.4 216.1 214.5 213.9
332.6 332.9 334 336 336.2 336 334.9 330.7 324.7 317.4 310.6 306.6 303.5 301.3 298.8 295.9 293.2 291.8 294.4 291.3 286.6 281.5 276.4 271.4 272.2 273.1 272.1 270.8 268.3 270 272.6 272.4 272 270.1 264.3 258.4 250.1 238.5 235.9 234.7 233.8 233.1 232.6 232.1 231.7 231.5 234.6 238.6 238.8 239.5 240.6 238.2 234.6 231.8 230 231.3 229 224.2 226.5 231.3 234.8 237 236.7 232.4 230.1 228.1 225.2 220.1 216.7 217.2 217.4 216.8 217.5 217.9 217.2 217.9 216.5 216
341.1 341.9 344.3 346.6 346.1 344.5 340.6 333.6 324.9 317.6 311.6 308.5 305.5 303.2 300.1 296.7 293.6 293.4 293.5 289.5 285.3 280.5 275.5 270 269 270.9 271.7 269.8 267.9 264.6 266.8 267.1 266.8 264.9 260 254.6 248.9 240.4 236.2 234.8 234 233.3 232.6 232.2 232 231.9 234.8 238.1 238.1 238.8 239.6 237.5 233.8 231 228.6 227.4 225.5 226.5 230.3 235 237.6 239 238.3 233.4 231.3 228.5 225.5 221.8 218.6 220.3 219.7 219.1 220.6 220.8 219.7 217.6 217.9 217.5
350.6 353.1 355.5 357.5 357.4 354.1 346.4 334.7 326 320.1 314.5 310.9 307.7 304.5 299.7 295.3 293.2 293.9 291.4 287.2 283.2 278.9 274.1 269.3 269.2 271.6 272.2 269.8 266.9 260.6 260.8 261.6 261.5 259.4 255.8 250.2 245.9 240.6 236.6 235 234.2 233.5 232.6 231.4 232.4 232.7 234.3 236 236.5 238.4 240.1 237.9 234.2 232.1 228.9 227.5 228.1 229.8 233.7 238.3 240 239.8 239.4 234.4 232.6 230.6 228.1 222.8 223.7 223.6 222.3 221.2 223.3 223.2 221 218.3 219.2 218.6
363.1 366 368 368.9 368 364.5 355.2 337.9 329.2 323.3 318.5 313.7 310.4 305.9 299.8 295.8 294.5 293.9 288.8 284.3 280.4 276.8 273 268.7 270.8 273.1 272 269.3 265.4 257.6 255.6 256.1 255.1 252.4 250.1 246.4 242.9 239.5 236.5 235.3 234.7 233.3 233.4 233.1 233.2 234.2 234.6 234.8 236.3 239 241.4 238.9 235.9 233.5 230.8 230.1 231 233 236.5 241.1 242.8 241.7 240.3 235.8 234 233 230.4 224.9 227.2 225.8 224.7 223.4 225.5 225.2 222.1 219.8 220.4 219.5
377.9 380.3 380.5 380.3 378 374 360.3 342.8 335.5 329.8 322.6 317.4 314.4 311.5 303.9 298.1 295.7 293.3 287.4 282.4 278.2 274.3 270.7 268.1 271.8 274 272.3 269.3 264.8 257.4 251.3 249.8 247.2 242.6 242 241.8 239.3 237.9 236.8 235.6 234.1 232 234.2 234 234.5 235.5 235.8 235.8 237.8 241 242 239.9 237.4 235.8 234.1 234.1 235.2 237.2 239.9 242.9 244.7 243.3 241.3 237.4 236.2 234.7 230.2 230.2 229.8 228 226.7 225.7 227.4 227 224 221.7 221.6 220.4
395.1 397.4 395 392.2 386.4 377.2 361.5 348.6 340.2 334.8 328.9 322.1 317.5 313.3 308.7 302 295.9 291.8 285.5 279.6 274.8 270.4 268.3 268.3 272.1 273.5 272.5 269.8 264.7 260 252.1 243.9 241.6 239 237.9 239.6 238.7 237.8 236.4 234.8 234.6 235.9 235.9 235.4 236.1 237 237.2 237.5 240.3 243.7 243.6 242 240.1 238.5 238.8 238.9 240 242.1 243.3 245.7 246.5 245.3 242.2 239.1 238.5 236.4 231.6 233.6 232.3 230.4 228.6 227.9 229.1 228.7 226 223.8 223.1 221.4
415.1 416.7 413.3 406.1 393.3 379.7 363.1 351.2 343.5 338.3 331.7 325.4 319.7 314.7 309.5 303.6 297.2 291 282.5 277.6 272.8 269.4 266.5 268.4 271.3 272.5 271.7 269 264.2 260.3 244.7 243.3 242.7 243.4 239.1 237.7 238.3 237.4 236.4 236.6 238.7 238.8 237.8 237.9 238 238.2 238.6 240.5 243.5 245.1 245.7 244.5 242.9 241.7 242.3 243 244.8 246.2 246.4 248.1 248.6 247 243.4 241.2 240.5 236.8 235.1 236.9 235 232.6 230.6 229.7 230.6 230.7 227.4 224.4 224.7 222
432.9 431.8 424.4 412.7 398.5 382.8 366.5 355.2 347.8 341.4 335 328.7 322.8 315.1 309 303.6 297.7 291.4 280.4 276.4 271.9 268.7 265.3 266.1 269.6 270.1 269.6 266.5 262 256.8 245.2 248 250.8 244.9 241.2 239.6 238.6 237.3 239.5 245.3 242.9 241.8 240.8 240.4 239.9 240 240.1 243 245.8 247.5 247.5 246.9 245.3 245.2 246.6 248.1 249.3 250.1 249.7 250.4 249.6 247.5 245.1 243.7 240.8 237.3 239.3 240.3 238 235.1 232.7 231.1 231.9 232.5 229.4 226 225.8 223.6
448 441.2 431.2 416.6 399.6 385 372 361.3 353.1 345.3 338.1 331.4 324 316.4 308.6 303.4 297.6 289.1 283.3 276.5 271.7 267.6 263.8 262.6 265.3 265.8 265.4 262.5 259.1 253.3 246.4 251.1 250.6 249.1 244.9 241.9 240.2 243.3 248.7 250.2 249.9 245.6 245.2 245.1 242 242 242 244.1 247.6 248.6 248.2 248.3 247.4 248.6 251 252.8 253.4 253.2 252.4 252.5 251.1 248.6 248.7 245.1 241.6 239.5 242 242.9 240.6 237.4 234.8 232.7 233.7 234.2 231.3 228 227.1 225.4
463.6 451.5 438.8 421.7 408.2 394.5 381.8 370.3 360.2 350.6 342.4 334.5 325.6 317.9 308.9 303 296.3 288.3 282.5 276.7 271.7 266.6 261.9 260.1 259.9 259.6 258.8 256.2 252.7 247.5 248.3 253.9 254.9 254.4 251.5 248.2 248.3 252.5 253.1 254.1 253.5 250.1 249.5 248.2 244.3 244.1 244.1 245.1 249.3 248.6 249.4 250 250.3 252.8 255.5 257.7 257.3 255.7 255.1 254.6 252.3 251.9 250.8 247.5 244 241.1 244.8 244.8 242 238.9 236.6 234.8 236 236.3 233.2 229.9 228.4 226.9
477 465.4 450.7 436.4 423 410.3 396.9 383.9 372.8 360.9 350 339.5 328.3 317.8 308.7 301.9 295.1 287.4 281.6 276.4 274.3 267.9 260.2 259 256.6 254.7 251.3 249.8 248.5 249.2 255.7 257.7 259.9 260.1 259.6 256.2 257.4 258.4 258.3 257.6 257.5 256.1 254.8 252.6 249 246.4 246.5 247.2 249.2 249.9 251.5 252.7 253.7 257.4 260.5 261.9 259.9 258 257.3 255.7 255.1 254 253.4 249.9 246.4 243.5 245.8 246.2 243.2 240.7 238.2 236.5 237.7 238.3 235.1 231.2 229.6 229.2
487.2 476.4 462.5 448.4 434.8 424.1 412.3 399.5 385.8 372.3 358.1 347 334.3 319.5 308.5 301.3 292.8 286.1 280.9 277.8 275.3 266.8 259.6 258.6 257 252.5 250.5 250 254.7 259.5 260.3 264.3 268.4 266.7 266.1 265.9 264.8 263.7 263 263.5 263.6 261.2 259.8 256.4 252.2 248.3 249.4 251 252.4 253.1 254.9 256.9 259.4 262.7 265.1 265.2 262.4 260.2 259.4 258.6 257.4 256.1 254.8 251.4 248.2 245.5 246.3 246.1 243.8 241.3 239.1 238.2 239.5 239.2 236.2 232.2 231.5 231.4
495.2 484.7 473 459 446.5 435 423.7 410.5 395.4 379.7 365.1 354.2 341.6 322.4 308.3 299.6 293 286.5 281.8 279.6 274.7 265.1 258.8 256.6 254.9 252.5 249.5 253.4 261.2 263.1 265.1 269.3 273.5 274.6 272.2 273.4 271.9 272.7 268 269.2 270.6 267 264 260.8 255.3 251.1 251.5 256.1 255.6 257.7 260.6 262.2 264.7 267.6 268.6 267.6 264.3 262.3 261.4 260.7 259.7 258.2 255.7 252 250 247.4 247 247.1 244.9 242.6 241 239.8 240.6 240.4 238 234.6 233.8 233
501.1 490 477.3 464.6 452.5 439.6 427.6 415 399.4 382.7 371.5 358.8 346.6 326.3 308.7 298.6 291.9 286.8 283.1 281.3 272.7 261.6 257.6 256 254.3 251.3 253.2 258.4 265.9 269.3 272.4 275.5 278.9 281.6 280.8 279.8 279.3 279.6 280 277.4 278.5 274.7 268.7 265.2 260.6 255.7 256.2 260.5 259.9 262.9 265.6 267.7 269.5 271.5 271.7 269.7 266.4 264.4 262.9 262 260.6 259.2 257.3 253.9 250.9 248.5 248.5 249 246.7 244.8 242.9 241.5 241.8 241.9 240 236.4 234.7 232.8
503.6 491.2 478 464.7 452.5 439.1 427.2 414.9 399.1 382.7 374.6 361.7 349.6 330.2 310.3 297.9 290.2 285.9 284.9 281.6 269.9 259.2 255.9 254.7 253 252.3 255.7 263.6 269.5 274.9 278.5 282.2 285.5 287.4 288.6 287.2 287.2 286.7 286 284.8 282.8 280.2 273.6 270.2 266.3 260 261.7 267.7 267.6 269.4 272.2 273.7 274.2 274.5 273.5 271.3 268.3 266 264.4 263.8 262.1 260.3 258.5 255.3 251.2 250.2 250.1 249.7 248.6 246.6 244.2 242.9 242.8 243.3 241.3 237.5 234.5 231.1
502 489.5 474.2 458.3 447.1 435.1 423.3 412 397.6 380.2 373.6 362.5 349.2 332.1 312.1 295.7 288 286 285.9 279.3 265 257.6 253.9 252.8 252.5 254.6 258.4 267.8 273.5 278.1 282.1 287.1 291.8 294.2 294.8 295.7 294.4 292.9 291.1 289.1 287.7 285.2 279.8 275.9 272.2 266.9 269.2 275 276.6 277.7 278 279.8 279 279.2 279.7 273.5 270.4 267.9 265.9 265.3 263.7 261.1 259 256.1 254.5 252.4 251.5 251.3 250.9 247.7 245 243.6 243.4 243.6 241.9 236.8 233.5 229.6
498.1 485.7 469.8 449.9 434.7 426.7 415.5 404.8 392.1 375.9 366.7 358.2 343.9 330.2 310.6 293.9 285.9 285.4 282.1 274.4 260.1 254.1 252.2 252 254.2 256.3 262.3 269.9 275.4 280.6 285.9 291.3 296.6 301.4 301.5 303.5 299.5 297.2 295.9 294.1 292 290 285.4 280.5 270.8 276.9 275.9 279.8 282.2 284.4 284.2 285 285 285 283.6 278.2 272.3 269.6 268.1 267.3 265.4 262.5 260.3 258.9 257.5 254.8 253 252.9 252 248.2 245.8 243.7 243.4 243.7 241.9 236.8 232.6 228.6
493.7 481.2 465.9 447.5 425 413 404.1 394.3 383.8 370.8 357.5 349.3 336.5 322.9 305.9 290.4 284.1 280.9 275.1 269.2 257.7 253.5 252.4 252.1 253.2 257.8 264.1 270.5 276.2 281.3 291 300.5 306.4 310 310.3 309.7 305.8 303.2 302.5 300.6 297.4 293.6 288.6 282.6 281.7 285.5 285 285.8 288.6 291.6 289.9 290.5 289.6 287.8 286.8 281.8 274.8 272.2 270.9 269.7 267.2 264 262.2 260.6 259.5 257.2 254.7 254.4 253 249 246.2 243.7 243 243.7 241.9 237.2 231.9 226.1
488 477.2 463.1 442.9 420.3 403.8 392 384.2 374.9 363.6 351.4 339.9 328.3 315.3 302.3 289.1 281.6 276.3 271.1 265 259.6 254.1 252 252.2 252.7 255.4 266.6 272.7 276.2 287 301.8 315.9 324 326 321.2 317.3 314.5 311 310.8 307.5 304 298.1 293.2 283.4 288.6 290.9 292.9 294 298.4 298.5 297.7 296.4 293.8 290.2 289.4 285.6 281.1 279.2 278.6 275.1 269.8 265.5 263.5 262.3 261.1 259.1 256.7 255.7 254.3 250.9 247.2 244 242.8 243.8 241.5 237 232 225.4
482.4 472.4 459.3 442.4 422.7 407.4 391.2 380.4 367.5 355.2 342.6 330.9 319.7 308.7 298.6 288.2 279.1 272.4 266.9 262.1 257.8 254 250.8 252.3 252.9 255.7 266.4 272.8 279.2 293.2 309.6 326 336.1 340.7 335.7 330 327.9 324.4 321 315.2 309.4 302.5 297.8 288 293.1 295.7 299.9 302.9 305.4 305 303.9 301 296.6 293.5 292.2 291.1 287.8 285.1 282.7 279.7 273.1 267.8 264.6 262.8 261.5 259.8 257.9 256.9 255.5 252.4 247.4 243.8 242.5 243.5 240.5 235.1 228.8 225.6
477 468.4 456.4 441.4 424.7 411.8 396.8 384.7 374.1 360.2 343.2 328.8 318 307.6 299.7 289.7 278.2 271.3 265.4 260.7 256.9 253.3 252.2 252.5 253.3 256.9 265.7 271.8 282.4 298 315.6 332.6 343.8 349.9 351.5 348.7 344.6 338.5 333.2 323.6 314.3 305.8 300.9 293.1 295.2 300.2 305 310.3 310.7 310.1 309.1 306.9 301 297.2 296.3 294.4 291.3 288.6 286.1 283.2 275.9 274 266.9 263 261.1 260.5 259.4 257.7 254.9 250.5 246.5 242.9 240.5 240.4 234.3 232.3 229.9 228
468.6 464.1 455 441.9 429.5 417.3 404.5 395 384 365.3 342.7 322.5 314.1 304.5 296.2 286.8 276.7 269 263.4 257.5 254.9 252.2 252.2 252.2 252.9 257.3 265.4 274.7 286.9 301.6 319.1 336.5 349.5 358.5 365 368 368.8 360.4 343.7 332.2 321.4 309.6 305 299.2 303.3 306.5 312.1 314.2 314.7 314.1 313 311.7 307.3 302.1 300.9 297.8 294.7 291.7 289.1 286.6 281 277.4 272.8 263.6 261.2 260.2 260.1 257.5 257 254.2 249 244.2 240.7 235.9 235.4 237.1 232.5 231.1
456.8 456.2 450.9 442 433.1 423.7 412.4 399.6 386 365.3 343.4 323.6 309.7 301.8 292.8 282.8 276 268 260.8 254.2 253.4 252.9 252.4 252.5 252.7 257.9 267.8 276.9 289.6 303.6 321.3 339.4 354.7 364.8 375 380.9 379.5 369.8 351.8 339.8 328 314 310.1 304.7 308.4 312.9 317.6 318.4 320.6 321.2 320.5 317.1 313.8 309.3 306.7 304.8 299.7 295.7 292.7 288.1 283.4 280 275.8 268.5 261.7 259.9 259 258.3 259.1 255.2 250.5 245.6 240.3 239.3 242 238.9 233.9 234.3
441.4 444.1 443 439.3 434.6 425.2 414.9 399.6 383.3 363.3 344 325.4 307.4 296.6 288.1 279.9 272 264.5 257 253 252.9 252.3 252.6 252.8 253.6 258.8 268.6 280.4 290.8 305.3 323.9 342.4 357.9 369.3 380.9 388.2 386.6 375.9 356.9 345.5 331.2 319.7 316.9 312.2 313.9 318 322.8 327.4 332.7 334.1 329.8 324.5 320.1 317.1 315 312.6 311.1 300.9 295.7 291.1 285.9 281.9 278.1 270.2 263.4 261.5 260.1 260.4 260.1 256.8 252.2 246 238.6 240.6 243.5 240.5 235.2 235.7
421.9 423.7 429.9 431.2 431.6 422.2 412 399.6 381.1 361.8 345.5 325.9 306.4 291.5 283.2 273.4 263.1 259.4 253.9 253 252.9 252.7 252.5 253.3 256.4 262.4 271.3 281.2 291.5 307 327 345.7 361.8 374 387.3 394.8 391.4 380.2 360.2 349.4 333.3 322.9 322 316.4 319.9 323.7 333.6 341.5 347.7 347.9 343.1 332.5 326 323.3 321.5 318.6 311.9 312.3 305.4 300.5 294.1 284.2 279.7 273.9 266.8 263.3 261.1 261.5 261 258.3 253.8 247.4 239.8 242.9 245 241.9 236.6 236.7
407.6 408.4 412.1 416.9 420.4 417.4 409.4 394.4 379.3 364.6 345.5 325.1 304.3 288.1 277.1 270 259.9 254.8 253.8 253.6 253.4 252.7 252.9 254.7 258.3 265 272.3 279.9 292.9 310.2 330.1 349.4 365.6 378.9 392 400.5 396.7 383.9 365.8 353.5 334.3 327.4 326.3 319.9 325.8 332.8 344.9 354.7 360.4 360.8 354.8 342.9 332.9 328.8 326.7 323.1 319.6 315.8 311 302.9 294.5 286.2 281.5 276.3 271.2 266.6 263.1 262.9 262 259.3 254.7 250 241.5 244.9 246 243.4 238 237.9
397.2 396.9 396.9 399.8 403.2 405.4 400.8 389.5 376.2 363.5 343.6 321.2 299.5 283.2 272.5 266.9 258.8 254 254.9 254.3 253.4 252.8 253.3 255.2 259.6 265.7 272.2 279.9 295.2 312.6 332.4 351.4 369.8 384.3 397.3 405.3 401.3 386.5 371.1 359 339.7 333.1 331.6 325.8 331.6 342.6 355.5 366.1 371.6 371.4 362 351.9 339.5 334.5 330.2 327.2 324.4 319.8 315 309.2 300.5 291 283.6 278.7 272.8 269 263.9 264.5 263.4 259.8 255.2 250.7 243.3 246.5 246.8 244.6 239.1 238.5
