Data/OS Terrain 50/NY42.asc
ncols 200
nrows 200
xllcorner 340000
yllcorner 520000
cellsize 50
[rows 35 to 69 of 200, columns 78 to 155 of 200]
236 238.7 240.1 239.9 240.4 243 247.4 250.6 252.2 253.3 253 250.2 247.4 249.8 251.2 249.5 248.4 248.1 247.9 245.5 242.3 239.7 237.3 235 236 239.1 241.9 243.1 244.6 246.7 244.7 246.5 249.6 250.3 252.5 254.9 254 255.6 256.8 258.6 259 257.8 255.8 254.5 253.6 253.3 252.7 254.4 255.8 258 258.4 257.4 257.7 257.9 258.2 258 257.7 256.9 252.8 250.2 249 248.3 246.8 245.5 243.3 240.8 238.3 235.6 233 231.6 228.3 215.4 224.8 222.9 220.5 218.7 217.9 216.8
236.3 239.2 240.3 240.5 241.5 243.4 246.7 250.1 252.6 254.8 254.6 252.8 250.6 251.6 253.4 252.5 252.4 252.1 250.9 247.6 245.3 243.5 241 237.9 238.2 241.5 244.9 246.6 247.2 249.9 247.3 248.1 251.3 252.4 254.3 256.7 255.3 255.3 255.9 258 259.3 258.6 256.2 254.6 253 252.4 250.7 252.2 252.9 255.6 256.5 256.3 255.9 256.5 256.2 256.3 256.2 256.2 254.9 252.7 251.6 249.1 247.3 246.6 243.5 241.2 240 238.1 234.6 231.3 229.9 218.4 224.8 223.2 221.4 219.2 217.8 216.1
237.2 238.8 239.7 240.1 241.8 243.7 247 250.1 253.2 255.8 256.5 255.2 253.2 253.2 255.1 255 254.9 254.6 253.5 249.9 247.5 247.8 244.9 241 240.7 243.8 246.7 248.6 249.5 251.7 251.2 249.4 252.4 255 256 257.3 255.7 255.6 254.8 256.9 258.4 258.3 256.4 254.1 252.4 251.9 250.5 252.5 253 253 253.5 254.6 254.9 256.5 256.8 256.7 256.7 258.2 255.5 254.5 254 251.5 249.3 245.8 243.3 241.4 242.5 236.9 230.8 228.5 225.5 217.7 224.6 223.5 221.1 219.3 217.4 212.7
237.8 238.7 239.4 240.4 241.6 244 247.3 250.4 253.6 256 257.3 256.4 254.5 254.6 256.3 256.6 256.8 256.5 255.1 253.7 251.8 251.6 248.4 244.1 243.9 246.5 248.9 250.3 252.2 254.3 255.2 251.6 253.9 257.2 258.4 259.6 257.8 257.7 256.5 256 257.4 255.7 254.3 253.8 252.8 251.2 249.6 248.2 249.9 250.9 252.4 252.7 252 254.1 255.4 256.1 256 255.4 256.3 256.8 256.8 254.7 252.3 248.7 246.1 243.1 240.9 235.5 229.1 227.4 224.7 223.1 225.4 223.4 221.2 219.2 216.7 213.8
238.3 238.8 239.9 241.6 242.9 244.8 247.8 251.2 254.4 256.3 257.3 256.2 254.8 255 256 257.9 258.7 260 259.1 257.3 255.4 255.4 251.9 248.3 247.8 249.4 250.5 252.2 254.4 257 258.1 254.7 255.9 259.5 261.1 262.8 261.7 260.5 259.3 257.9 257.5 257 255.8 255.2 254 250.8 248.3 248 249.6 249.7 251.2 251.4 251.2 251.9 252.5 256.3 256.4 256.2 255.8 255.5 259.1 257.2 254.4 251.5 248.2 245.6 242.7 239.9 235.1 233.1 231.8 228.5 226.6 224.6 222.2 220.4 217.5 216.1
239.4 240.2 240.9 242.4 244.3 246.4 249.2 252.5 255.1 257.1 258.2 256.4 255.9 256.6 257.8 259 260.9 262.8 262.1 258.9 258.4 257.7 254.5 251.8 251.7 253.4 253.8 254.6 256.2 259.6 260.2 258.9 260.5 263.4 263 264.2 265.8 264.7 262.6 259.9 259.6 259.7 258.5 256.3 255.1 253.2 250.5 248.7 249.3 249.9 250.3 251.1 250.3 250.5 251.7 252.6 255.2 258.3 257.1 257.5 256.4 259.8 258.2 254.9 252 249 245.4 242.4 239.9 237.5 234.1 232.2 229.7 227.7 226.3 223.4 220.4 216.2
240.4 241.4 242 243.2 244.9 247.3 250.1 253.4 256.2 258 257.7 257.5 257.1 258.4 259.8 261.3 263.4 265.8 265.2 262.8 261.8 260.4 258.1 256.4 255.2 257.6 258.3 257 258 262.1 264.1 264.1 263.9 265.4 266.5 270 270 268.8 266.5 263.7 263 262.9 261.5 259.3 256.4 255.9 252.9 250.8 248.7 249.7 249.4 250 248.8 248.2 248.9 252.4 253.6 254.7 259.9 259.2 259.1 258.5 253.9 252.2 249.4 248.6 249.8 245.9 240.9 237.5 237 235.2 233.1 228 223.2 220.2 216.9 213.7
242 242.8 242.7 244.1 246.2 248.4 251.1 254.4 257 258.9 259.6 259 258.9 260.3 262 264 266.2 268.5 268.4 266.4 265 264 264.2 263.4 260.9 262 263.5 262.2 266.6 265.6 267.1 267.3 266.5 266.5 268.4 273 273.6 272.4 271.2 268.2 266.7 265.6 264.5 262.2 259.1 257.6 255.1 253.7 251.4 250.9 250.5 251.8 251.3 248.6 247.2 249 251.8 252 255.6 258.3 258.8 258.3 258.4 257.9 255.1 251.6 247.5 243.4 240.3 236.7 234 231.5 229.5 227.9 225.7 222.9 219.7 216.8
245.3 245.4 244.3 245.6 247.8 250 252.6 255.6 258.4 259.6 260.5 260.9 262 262.9 264.4 266.9 268.5 270.4 272.4 272.4 270.6 270.4 271 270.9 268.5 271.1 270.3 268.7 264.8 265.5 268.4 269.7 269.3 269.2 268.3 271.9 277 276.2 275.6 273.5 271 269.6 267.4 265.1 261.9 259.9 257.6 256.3 254 251.9 251.2 252.4 252.7 250.3 249.1 247.6 249.6 249.1 250.3 253.2 256.4 258.1 259.8 258.8 254.9 252.9 251.7 248.5 244.8 241.4 238.2 234.9 234 231.5 228.1 224.3 222.5 220.7
247.3 247.7 247.3 248.6 249.7 251.4 255.2 257.3 258.8 260.5 262.2 262.4 263.3 265.6 267.8 270.8 272.7 274.6 278.3 278.3 277.3 276.7 276.1 275.1 276.1 274.4 273.7 271.2 267.9 266.2 269.1 271.5 272.3 272.8 272.1 270.8 275.6 279.5 279.7 278.3 275.9 273.9 271.7 268.9 264.7 262.4 260.6 258.8 256.1 253.9 252.6 253.4 253.8 252.4 250.5 246.6 247.3 248.1 247.3 248.5 251.2 253.5 256.4 259.6 256.4 256.8 253.9 249.7 245.9 243.7 237.2 233.7 232.5 231.8 230.1 227.3 223.7 220.1
253.8 251.8 250.9 252.9 253 254.7 257.4 260.4 262.1 263 264.9 265.6 266.9 268.9 270.8 273.2 276.8 279.6 278.2 277.9 281.1 282.9 283.4 283.8 282.5 281.3 279.8 275.9 272.6 269.9 271.1 273.8 275 276.1 276.1 275 275.2 280 283.2 281.8 280 277.8 276.3 273.8 267.9 265 263.5 261.2 259.2 256.9 255.5 254.9 254.8 252.7 251.4 249.1 246.9 247.9 246.9 246.4 246.2 246.9 248.9 252 251.5 258.3 258.6 255.7 250.3 244.8 240.7 237.7 234.1 234.4 233 228.5 224.9 222.4
254 253 252.7 254.1 254.8 257.4 260.2 263.6 264.8 266.1 268.1 268.4 269.8 271.9 275.8 277.3 280.8 284.1 288.2 288.6 288.4 288.9 291.1 290.3 288.5 287.2 285.6 282.2 277.8 273.8 273.3 275.2 276.6 276.9 277.4 278.4 277.2 278.6 286.5 287.5 284.7 282.8 280.2 276.1 266.5 264.4 261.8 262.5 261.6 260 258.5 257 256.6 255.3 252.8 250.2 247.7 245 246.1 243.7 241.1 239.5 239.5 243.4 249.9 251.7 250.2 252.6 248.6 243.1 244.3 240.1 234.7 231.6 229.9 225.7 223.6 224
257.5 256.1 255.7 256.8 257 259.9 262.8 265.4 267.3 269.3 271 273 273.5 274.3 275.4 278.1 281.2 284.9 293.4 295.2 294.4 293.9 294.1 297.8 295.8 292.7 290.2 287.5 282.7 277.3 276 275.4 276.7 277.6 278.7 279.2 278.3 278 282.1 285.9 285.5 282.2 277.3 269.3 265.2 263 260.5 259.7 261.5 262.6 261.8 260.6 259.9 257.7 254.4 250.4 244.9 241.2 243.3 239.4 235.7 233.2 231.5 231.6 238.3 245.5 247.8 247.2 244.6 240.7 237.6 235.4 233.1 231.5 229.6 226.7 223.4 220.9
260 258.9 258.5 259.1 259.8 262.8 265.2 268.3 269.8 270.4 273.6 273.8 275.1 277 279.9 282.3 284.3 288.2 291.1 294.5 299 297.2 294.6 295.5 299.5 295.2 292.9 291.2 287 281.8 278.1 276 274.6 274.6 275.6 277.3 279.5 279.1 278.1 277.9 276.2 273.3 270.9 268.4 267.5 265.3 262.1 259.8 260.5 257.9 259.5 261.8 261.3 256.9 249.5 243.5 237.6 237.1 235.3 232.8 229.8 227.4 225.5 223.9 224.9 229.8 234.5 238.8 241.9 242.3 241.7 238.7 236.4 234.8 233.8 231 227.5 224
262.7 259.8 260.7 262.9 263.6 264.1 265.1 265.7 267 269.4 272.3 274.6 275.1 277.9 280.3 283.3 285.1 287.5 290.2 291.3 293 293.9 296.1 296.2 293.5 290.7 289.6 289.9 290 285.3 281.3 277.2 273.7 272.1 271.6 273 275.3 274.6 276.6 275.7 272.8 271 269.2 268.8 268.8 267.9 266.6 263.1 261.2 256.3 252.9 251.5 251.9 248.6 243.7 239.9 235.4 231.1 228.6 227.3 223.9 220.7 221.2 220.3 218.1 217.4 219.9 222.5 225.1 226.7 227.5 227.3 226.8 227.9 227.7 228.3 227.3 225.6
261.1 261.6 261.6 261.1 262.1 264.2 266.2 267 265.5 266.8 269 271.8 274.3 275.5 280 281.5 282.4 284.6 285.7 288.3 294.1 295.2 294.9 298 298.5 296.5 293.6 289.5 287.4 286 283.4 279.3 275.7 272.8 270.9 270 270.6 271.6 272.3 271.9 269.4 267.9 267 267.7 268.4 269.1 269.1 266.9 264.9 260.9 255.8 251.6 248.7 246 242.2 237.8 233.8 228.7 225 222.2 218.2 215.5 216.7 218.7 217 213.8 210.7 212.2 215 217 218.8 220.1 220.9 220.1 218.2 218 220.8 221.6
265.3 264 262.2 261.3 263 266.3 269.9 271.2 265.4 263.6 262.4 261.6 259.5 261.2 266 271 277 277.7 279.9 280 279.9 287.4 290.8 289.8 296.2 300.1 298.2 294.7 292.3 289.6 283.2 277 273.5 270.6 268.9 269.7 268.5 267.8 268 268 266.4 264.3 263.3 263.7 263.4 262.9 263.4 264.8 268.1 265.4 258.8 253.6 249.6 245.8 242 236.4 229.6 226.1 222.5 217.1 210.3 210.4 212.1 214 212.1 211.1 208.4 206.1 208.2 209.8 211.3 213.2 213 212.5 210.5 209.3 209.7 210.1
267.3 265.9 263.9 262.7 266.5 270.7 270.5 269.9 266.1 261.3 259.7 259.2 256 255.2 258.3 260.4 262.5 268.7 271.9 272.6 269.6 269.8 271.9 277.5 282.4 284.2 285.8 287.7 285.8 282 276.1 268.9 268.7 264.2 262.4 263.3 264.1 263.6 264.4 264.2 262.1 260.4 257.8 257.4 256.5 256.2 255.3 255.6 258.5 260.1 259 254.9 248 241.9 236.1 231.7 227.5 223.9 219.6 214.4 208.8 204.9 207.1 207.6 205.8 205.3 203.9 201.2 201.2 203.6 204.5 205.6 205.2 204.7 204.1 202 200.3 198.3
267.2 265.4 261.6 262.3 267.7 268.5 268 265.1 261 256.5 255.2 254.5 251.3 250.5 250.8 250.9 251.5 253.1 254.3 255.5 259.3 262 262.4 266.2 269.7 269.1 268.9 268.2 267.3 266.2 263.9 259.1 257.1 257.2 254.7 254.3 255.3 255.6 256.5 258.2 258.8 257.5 254.2 252 250.3 250.6 249.8 248.7 248 248.3 248.8 245.1 238.8 232.4 229.8 227.9 225 222 217.8 213 207.8 202.4 198.8 201.6 199.7 198.5 197.2 196.3 195 197 198.1 197.8 196.9 197 195.2 194.8 192.6 190.7
256.8 256.5 255.9 256.5 259.7 261.5 259.9 255.1 251.7 248.9 247.5 246.8 244.8 244.7 245 244.3 245.3 246.4 248 249.9 251.4 254.8 255.3 257.4 260.2 260.6 257 255.3 254.9 255.1 254.3 251 248.7 248.7 247.4 248.2 248.6 249 249.6 251.8 253.5 253.9 251.9 249.6 247.4 245.7 244.8 244 241.6 238.6 238.1 235.4 232 224.6 223.6 223 220.1 217 214.2 210.3 205.3 200.6 195 196.5 195.1 192.8 191.3 190.2 188.8 188.5 191.4 192 191.8 191 188.2 187.5 186.6 184.8
243.5 245.4 247.3 248.7 248.3 246.8 244.7 243.1 241.8 240.5 239.5 238.6 237 237.5 237.5 236.9 237.8 239.9 242.3 244.2 244.7 247.5 248.8 247.2 248.2 249 246.7 246.2 245.6 246 246.3 244 241.5 241.1 239.9 240.6 242.1 242 245.1 247.4 249.7 250.4 250.3 248.3 245.1 244 242.7 240.3 236.9 232.6 229.9 228.6 226.2 222.6 217.9 215.9 214.4 211.6 209.4 206.6 202.4 197.9 192.5 189.3 190.4 189 187.1 185.1 182.6 182.9 184.9 185.7 185.7 184.8 181.8 179.8 178.9 178.4
234.8 236.1 238.1 239.6 238.6 237.3 236.6 235.6 235.2 233.6 232.6 232.1 230.1 230.7 230.8 230.7 231.1 231.9 233.5 235.3 236.3 238.6 239 237.7 236.3 237.2 237.8 236.6 235.2 235.7 235 234.7 231.8 232.1 232.4 232.5 233.2 234.2 240.6 244 245.5 246.1 246.6 245 241.2 239 238.1 236.1 233.5 229.6 227 224.2 222.9 220.4 213.2 208.9 207.2 205.8 204.5 201.9 198.2 194.2 190.3 181.8 181.5 183.2 181.8 180.2 176.3 176.7 178.9 177.2 176.6 176.7 175.1 174.5 172.7 169.7
229.6 229 228.5 228.2 227.9 228.3 226.3 220.3 223.1 225.9 217.7 223.3 220.8 221.2 221.6 222.2 219.4 223.5 224.1 226.5 227.6 230.2 230.3 229.3 228.5 228.6 229.8 229.9 228.9 226.8 225.9 225.4 224.9 223.7 225.6 227.1 227.6 228.5 235.9 239.5 240.9 240.5 240.5 239.4 236.7 232.1 232.4 230 227.3 224.8 222.3 218.5 211 212.2 207.3 202.4 199.7 198.1 196.4 194.7 193 190.2 186.8 181.8 174.6 176.3 177.8 176.4 173 170 172.2 171.6 170.4 169.7 170.1 169 167.9 165.3
225.2 222.9 219.1 218.1 216.5 217.1 210.8 205 204.8 209.1 203.1 213.6 212.4 214.1 212.6 211.6 209.5 212.9 213 215.8 217.6 220.7 224.2 223.5 221.6 219.9 222.5 224.5 224.4 221 218.8 219.9 219.6 219.4 220.8 222 222.7 223.7 229.6 232.4 234 233.2 231.5 230.5 227.4 221.2 222.7 218.8 216.5 213.8 208.5 207 197.4 198.4 197.9 194.1 192.9 191.7 190.7 189.6 189 186.2 183.5 179.8 172.7 167.5 171.6 170.2 167.4 165.2 166.6 165.8 163.7 162.8 163.3 160.1 160.4 157.2
220.8 218.3 210.2 205.8 205.1 204 200.6 196.4 192.9 192.6 192.7 205.5 205.4 208.8 209.1 204.5 203.2 203.7 205 207.3 209.8 211.9 215.1 216.9 215.3 211.2 215.7 218.5 221.1 221.8 215.4 212.4 213.2 212.6 213.7 214.9 217 218.4 222.7 224.4 225.7 224.5 222.6 222.7 219.8 214.2 211.9 208.1 204.1 198.9 194.6 191 189.6 188.5 188.3 186.3 186.7 186.5 186.4 185.5 183.4 181.7 179.3 176.2 171.8 165.1 160.8 162.7 163.5 162 162.1 162.9 161.8 157.6 156 152.7 151.5 148.6
216.5 217.3 211 202.8 199.9 197.9 195 191.2 188.7 186.9 186.9 188.9 197 205.5 207.7 204.9 200.2 198.1 200.1 201.6 203.7 207.4 209.7 212.1 211.2 206.7 209.8 213.1 216.7 220.2 218.8 214.1 210 208.5 208.2 210 210.7 212.7 215.7 217.2 218.1 216.6 215.1 216.2 215.7 214.7 209.7 204.5 199.4 197.5 196.4 191.6 187.1 184.5 181.9 180.3 175.1 181.3 182.3 182 180.3 176.9 170.5 169.9 167 164.2 157.3 159.3 160.3 157.7 156.1 157.1 160.7 157.5 151.5 148.9 147.3 145.9
214.6 217 211.7 204.3 198.8 195.5 193.1 190.3 187.5 186.6 186.2 186 185.9 193.7 204.5 204.7 202.2 196.4 194.1 196 199.8 203.2 205.1 207.9 207.4 204.4 205 208.9 212 214.7 217.3 217.6 214.6 210.2 206.7 206.8 206.7 207.1 209.1 211 211.7 210.2 208.5 209.7 211 213.6 210.9 203.1 197.9 200.9 199.8 197.1 192.6 187.8 184 182.6 171.4 174.1 176.7 174.8 174 170.5 166.2 164.3 160.3 157.8 155.2 155.2 156.5 151.8 149.1 148.1 150.8 153.7 149.9 147.6 146.1 145
216.3 217.1 213.2 204.5 197.5 194.7 191.8 187.7 187 187.8 186.9 184.5 184.6 184 190.1 202.1 201.1 196.5 190.6 191.6 194 197.7 200.2 202.6 204.1 204.2 203.3 204.7 207.7 208.7 210.7 214.2 215.4 212.5 207.9 206.8 207.3 205.3 204.5 205.6 205.6 205.1 202.7 204.5 205.3 209.6 210.1 203 197.3 199 199.5 199.1 196.3 191.7 186.2 180.7 173.3 164.4 169.1 169.1 165.1 165.1 161.6 161.3 155.5 151 149.5 150.3 147.4 146 144.3 143.8 143.1 142.8 143 143.3 144.8 145.8
218.3 218.9 214 204.6 196.8 193.1 189 187.8 189.9 195.5 193.3 186.8 183.5 183.8 183.2 192.9 202 195.9 189 188.4 191.1 195.6 198.9 201.1 202.8 204.1 203.8 200.6 204 205 206.2 208.6 209.5 209.4 206.7 205 206 204.9 200.9 200.7 201.1 200.3 198.4 198.9 200 203.9 206.8 200.8 195 192.8 194.2 196.1 197.2 193 186.3 180.5 173 163.4 162.2 165.8 162.3 159.8 155.8 151.9 149.5 148.6 148.2 146.9 146.1 144.4 144 143.7 143.3 143 142.4 141.9 141.8 143.2
220.3 220.7 214.1 205.2 198.3 191.5 188.8 188.4 198.5 202.6 197.2 191.5 186.6 182.9 182.7 182.3 197.4 197.3 188.4 186.4 187.7 191.6 195.7 198.4 200.3 202.6 203.2 199.6 200.4 201.8 202.3 203 203.3 202.6 200.9 199.9 201.4 200.8 200.1 198 196.3 195.9 193.8 194.4 195.2 198 200.8 196.7 190.4 188.1 188.5 190.4 192.5 190.8 185 178.9 172.6 163.3 157.4 157.7 157.1 153.7 152.1 150.2 149.1 148.3 147.4 145.5 144.7 143.3 144.4 144.7 145.2 144.9 143.3 140.1 141.6 141.5
219.4 220.7 214.1 205.5 197.7 191.4 189.8 196.6 207.5 206.1 200.4 199.4 197.2 186.5 182.6 180.8 190.5 198.3 191.6 187.1 184.9 187.6 192.4 195.3 197.4 199.6 201.4 199.6 195.7 197.5 197.6 197.7 197.8 196.9 195.5 194.9 195.7 195.2 195.4 194.2 191.7 192.2 187.3 189.1 191.2 193.1 193.1 191 186.4 183.4 184.1 184.6 185.1 184.2 180 175.4 170.5 161 154.7 153.7 152.6 151.6 151 149.1 147.3 146.9 145.7 145.5 145.2 144.6 146.4 146.7 145.8 145.2 144.7 143.1 141.7 139.7
214.3 216 211.7 206 195.6 190.1 191.2 204.3 212.8 208.7 203.1 202.3 198 187.3 182.7 181.6 181.7 198.3 195.3 190.2 184.9 183.8 188.3 191.3 193.5 195.8 197.7 198.3 194.9 190.9 190.5 191.6 192.8 192.5 191 190.7 191.1 190.8 190.2 188.8 187.7 187 183.6 183 186.4 186.9 187.1 187 183.2 179.6 179.9 180.4 180 178.9 176.7 172.7 168.9 161.5 153.7 152.7 151.9 150.8 150.3 149 147.6 146.9 146.3 145.7 145.1 150 155.2 152.4 146.8 145.1 144.4 143.2 142.2 141.8
208.6 209 208.7 198.7 192.6 189.9 200.6 213.4 216.4 211.1 206.4 203.7 198 191 182.7 180.6 190.6 197.3 197.4 194.3 188.9 182.9 183.8 186.2 188.6 191.5 194.1 196 196.2 190.9 185.5 185 186.7 187.4 186.9 186.8 187.3 186.6 184.5 184.3 182.2 181.5 180 177.4 180.5 181.4 181.9 181.5 179.6 176.5 174 175.3 175.6 174.6 173.4 170.3 167.1 162.6 154 152.4 151.6 150 149.9 147.4 147.2 146.8 146.6 146.1 145.2 153.7 155.3 153 148 144.9 144.2 143.5 142.7 140.6
197.2 196.3 196.1 193.5 192.1 196.3 209.2 217.9 218.2 212.6 208.4 204.5 197.4 191 181.4 180.1 190.2 195.5 198.7 196.4 191.9 185.7 180.3 181.4 182.3 187.2 189.5 192.8 195.2 192.7 187.1 182.9 182.2 181.5 181.7 181.9 182.9 183 181 180 178.7 176.2 175.9 175.3 173.8 176.7 177.3 177.2 176.2 173.8 168.5 168.7 170.4 170.2 167.4 164.7 162.9 160.2 154.3 151.9 151.1 149.9 148.1 147.9 147.5 146.6 146.6 146 152.9 156.6 154.9 153.9 150.5 145.1 144.1 143.7 142.7 139.8
195.4 194.6 193.9 192.8 195.9 207.8 216.9 222.9 219.4 214.3 209 204.2 196.6 190.4 178.9 179.4 188.4 195.3 196.6 192.3 189.4 186.1 180.8 177.4 177.9 182.1 185.5 189.3 192.8 194.6 190.4 183.1 180.6 179.8 177.6 178.2 177.3 178.8 177.7 177.2 176.8 176.3 173.7 170.2 169.9 171.1 173.2 173.6 174 170.8 166.7 161.1 162.9 159.3 158.9 157.5 156.1 154.6 152.7 151.4 150.2 148.9 147.9 146.5 147 146.9 147.1 150.8 156.1 157.5 155.9 154.7 153 147.7 145.2 143.7 142.8 142
